21008834
21008834
21008834
21006898
21006898
21006898
21007366
21007366
21007366
21002151
21002151
21002151
21006563
21006563
21006563
21006537
21006537
21006537
21007376
21007376
21007376
21006698
21006698
21006698
21007358
21007358
21007358
21007203
21007203
21007203
21006044
21006044
21006044
21003173
21003173
21003173
21005986
21005986
21005986
21007352
21007352
21007352
21005554
21005554
21005554
21005032
21005032
21005032
21000602
21000602
21000602
21005774
21005774
21005774
21006416
21006416
21006416
21005600
21005600
21005600
21006989
21006989
21006989
21005975
21005975
21005975
21007319
21007319
21007319
21003640
21003640
21003640
21006320
21006320
21006320
21005471
21005471
21005471
21004273
21004273
21004273
21002242
21002242
21002242
21003729
21003729
21003729
21006860
21006860
21006860
21005995
21005995
21005995
21004528
21004528
21004528
21004162
21004162
21004162
21006969
21006969
21006969
21007862
21007862
21007862
21003065
21003065
21003065
21004335
21004335
21004335
20999802
20999802
20999802
21007774
21007774
21007774
21007258
21007258
21007258
21006477
21006477
21006477
21002543
21002543
21002543
21005492
21005492
21005492
21008669
21008669
21008669
20984766
20984766
20984766
21007343
21007343
21007343
21003320
21003320
21003320
21006235
21006235
21006235
21006494
21006494
21006494
21001664
21001664
21001664
21008602
21008602
21008602
21006225
21006225
21006225
21007473
21007473
21007473
21000516
21000516
21000516
21007163
21007163
21007163
21007139
21007139
21007139
21001262
21001262
21001262
21002195
21002195
21002195
