20987155
20987155
20987155
21005645
21005645
21005645
20988711
20988711
20988711
21006813
21006813
21006813
21001070
21001070
21001070
20988506
20988506
20988506
20997421
20997421
20997421
21005254
21005254
21005254
20990495
20990495
20990495
20968198
20968198
20968198
21003867
21003867
21003867
21003863
21003863
21003863
20880229
20880229
20880229
21005051
21005051
21005051
20912648
20912648
20912648
21007330
21007330
21007330
21007284
21007284
21007284
21007268
21007268
21007268
20983385
20983385
20983385
21004260
21004260
21004260
21004163
21004163
21004163
20993187
20993187
20993187
20984804
20984804
20984804
21005222
21005222
21005222
20998086
20998086
20998086
20990712
20990712
20990712
21004931
21004931
21004931
21002148
21002148
21002148
21008345
21008345
21008345
21008338
21008338
21008338
21008332
21008332
21008332
21008287
21008287
21008287
21008286
21008286
21008286
20998765
20998765
20998765
20998718
20998718
20998718
21004090
21004090
21004090
21004019
21004019
21004019
21006621
21006621
21006621
21006553
21006553
21006553
20990700
20990700
20990700
21003649
21003649
21003649
20923325
20923325
20923325
21007822
21007822
21007822
21007806
21007806
21007806
21007785
21007785
21007785
21007756
21007756
21007756
20998546
20998546
20998546
20968037
20968037
20968037
21002750
21002750
21002750
20991196
20991196
20991196
21000316
21000316
21000316
21001430
21001430
21001430
20992131
20992131
20992131
20992102
20992102
20992102
20975669
20975669
20975669
20988629
20988629
20988629
20988613
20988613
20988613
20989287
20989287
20989287
