21007147
21007147
21007147
21007119
21007119
21007119
21007090
21007090
21007090
21007048
21007048
21007048
21007047
21007047
21007047
20996816
20996816
20996816
20967255
20967255
20967255
20995669
20995669
20995669
21000450
21000450
21000450
20972432
20972432
20972432
20987666
20987666
20987666
21008567
21008567
21008567
21008566
21008566
21008566
21008561
21008561
21008561
21008559
21008559
21008559
21008552
21008552
21008552
21008549
21008549
21008549
21008542
21008542
21008542
20998125
20998125
20998125
20996920
20996920
20996920
20984342
20984342
20984342
21000782
21000782
21000782
20976191
20976191
20976191
20950550
20950550
20950550
21005467
21005467
21005467
21006407
21006407
21006407
21000357
21000357
21000357
20987134
20987134
20987134
21002346
21002346
21002346
20991583
20991583
20991583
20993301
20993301
20993301
20997604
20997604
20997604
21004412
21004412
21004412
21004399
21004399
21004399
20953174
20953174
20953174
21004964
21004964
21004964
20992402
20992402
20992402
21001175
21001175
21001175
21001158
21001158
21001158
20987788
20987788
20987788
20988131
20988131
20988131
21005934
21005934
21005934
21005902
21005902
21005902
21005181
21005181
21005181
20973772
20973772
20973772
20965524
20965524
20965524
21007583
21007583
21007583
21007571
21007571
21007571
20990056
20990056
20990056
20987978
20987978
20987978
20996018
20996018
20996018
20973386
20973386
20973386
21001524
21001524
21001524
20859948
20859948
20859948
21006985
21006985
21006985
21006959
21006959
21006959
21006930
21006930
21006930
21006918
21006918
21006918
