21006879
21006879
21006879
20981856
20981856
20981856
21000121
21000121
21000121
20948401
20948401
20948401
21008186
21008186
21008186
21002466
21002466
21002466
21006370
21006370
21006370
21006261
21006261
21006261
20986056
20986056
20986056
20959121
20959121
20959121
20932567
20932567
20932567
20998364
20998364
20998364
20996740
20996740
20996740
20971417
20971417
20971417
21002384
21002384
21002384
21003771
21003771
21003771
21003747
21003747
21003747
20988012
20988012
20988012
21004160
21004160
21004160
21000426
21000426
21000426
20988752
20988752
20988752
21002234
21002234
21002234
20945634
20945634
20945634
21001466
21001466
21001466
20991686
20991686
20991686
20996728
20996728
20996728
20946471
20946471
20946471
20988583
20988583
20988583
21005249
21005249
21005249
20952926
20952926
20952926
20951711
20951711
20951711
21000108
21000108
21000108
20995966
20995966
20995966
20999815
20999815
20999815
20929899
20929899
20929899
20994085
20994085
20994085
20964766
20964766
20964766
20927799
20927799
20927799
21004879
21004879
21004879
20994495
20994495
20994495
21001678
21001678
21001678
21002309
21002309
21002309
20981187
20981187
20981187
20995486
20995486
20995486
20995106
20995106
20995106
21005147
21005147
21005147
20991477
20991477
20991477
21001603
21001603
21001603
20990346
20990346
20990346
20997783
20997783
20997783
21002213
21002213
21002213
20985891
20985891
20985891
21002654
21002654
21002654
20994941
20994941
20994941
20972673
20972673
20972673
21008124
21008124
21008124
21008076
21008076
21008076
21008069
21008069
21008069
