21008046
21008046
21008046
21008039
21008039
21008039
21006107
21006107
21006107
20993857
20993857
20993857
20976067
20976067
20976067
21005697
21005697
21005697
20999518
20999518
20999518
20998833
20998833
20998833
20967769
20967769
20967769
21006647
21006647
21006647
21006576
21006576
21006576
21006569
21006569
21006569
21006557
21006557
21006557
20992383
20992383
20992383
20996855
20996855
20996855
21001457
21001457
21001457
20993690
20993690
20993690
21008516
21008516
21008516
21008506
21008506
21008506
21008503
21008503
21008503
21008500
21008500
21008500
20994690
20994690
20994690
20998104
20998104
20998104
20998066
20998066
20998066
20996639
20996639
20996639
20994011
20994011
20994011
20993549
20993549
20993549
20944295
20944295
20944295
21007252
21007252
21007252
21007248
21007248
21007248
21007195
21007195
21007195
21007183
21007183
21007183
20974284
20974284
20974284
21001879
21001879
21001879
20997766
20997766
20997766
20964751
20964751
20964751
20995239
20995239
20995239
20983693
20983693
20983693
21004051
21004051
21004051
21004015
21004015
21004015
21002757
21002757
21002757
20997606
20997606
20997606
20982950
20982950
20982950
20992414
20992414
20992414
20991695
20991695
20991695
21002207
21002207
21002207
21000122
21000122
21000122
20976971
20976971
20976971
21006441
21006441
21006441
20985330
20985330
20985330
21002670
21002670
21002670
20970795
20970795
20970795
20942451
20942451
20942451
20997178
20997178
20997178
20947395
20947395
20947395
20944729
20944729
20944729
20997961
20997961
20997961
20977233
20977233
20977233
