20974439
20974439
20974439
21002011
21002011
21002011
20994595
20994595
20994595
20984364
20984364
20984364
20996924
20996924
20996924
20998205
20998205
20998205
21005786
21005786
21005786
21002844
21002844
21002844
20976352
20976352
20976352
21007981
21007981
21007981
21007954
21007954
21007954
20933211
20933211
20933211
21007137
21007137
21007137
20996788
20996788
20996788
19835927
19835927
19835927
20943372
20943372
20943372
20982336
20982336
20982336
20859926
20859926
20859926
20975660
20975660
20975660
20991692
20991692
20991692
20951707
20951707
20951707
20886696
20886696
20886696
20975214
20975214
20975214
21004828
21004828
21004828
21006379
21006379
21006379
20973909
20973909
20973909
20968189
20968189
20968189
20992738
20992738
20992738
20972393
20972393
20972393
21001277
21001277
21001277
20942796
20942796
20942796
20944185
20944185
20944185
20503949
20503949
20503949
20995585
20995585
20995585
21001913
21001913
21001913
20943152
20943152
20943152
20957123
20957123
20957123
21004106
21004106
21004106
20968823
20968823
20968823
20972400
20972400
20972400
21004556
21004556
21004556
21001211
21001211
21001211
21005077
21005077
21005077
20863671
20863671
20863671
20906897
20906897
20906897
20506345
20506345
20506345
21000298
21000298
21000298
20997135
20997135
20997135
21001868
21001868
21001868
20968543
20968543
20968543
21006986
21006986
21006986
21006983
21006983
21006983
20993303
20993303
20993303
20991986
20991986
20991986
21003862
21003862
21003862
20984276
20984276
20984276
20951034
20951034
20951034
20968522
20968522
20968522
