20999674
20999674
20999674
21001576
21001576
21001576
21008438
21008438
21008438
21008433
21008433
21008433
21008422
21008422
21008422
21008420
21008420
21008420
20983196
20983196
20983196
20985471
20985471
20985471
20971471
20971471
20971471
20998311
20998311
20998311
20998339
20998339
20998339
21004995
21004995
21004995
20969971
20969971
20969971
20991210
20991210
20991210
21007881
21007881
21007881
21007821
21007821
21007821
20987841
20987841
20987841
20991050
20991050
20991050
20998011
20998011
20998011
20974888
20974888
20974888
20993249
20993249
20993249
20975845
20975845
20975845
20991433
20991433
20991433
20991424
20991424
20991424
20991781
20991781
20991781
20982734
20982734
20982734
20997881
20997881
20997881
20959433
20959433
20959433
20993648
20993648
20993648
20985719
20985719
20985719
20973781
20973781
20973781
21001104
21001104
21001104
20987593
20987593
20987593
20992169
20992169
20992169
20942896
20942896
20942896
20991064
20991064
20991064
21005595
21005595
21005595
20997542
20997542
20997542
20988375
20988375
20988375
21006829
21006829
21006829
21006788
21006788
21006788
20993902
20993902
20993902
20977324
20977324
20977324
20996772
20996772
20996772
20973884
20973884
20973884
20006889
20006889
20006889
21004194
21004194
21004194
20973149
20973149
20973149
21000912
21000912
21000912
20997426
20997426
20997426
20969647
20969647
20969647
20951892
20951892
20951892
20982385
20982385
20982385
20974683
20974683
20974683
20985967
20985967
20985967
20994187
20994187
20994187
20964784
20964784
20964784
20989101
20989101
20989101
