20997201
20997201
20997201
20974048
20974048
20974048
21000629
21000629
21000629
21001581
21001581
21001581
21001527
21001527
21001527
20991569
20991569
20991569
20985713
20985713
20985713
20992704
20992704
20992704
20970582
20970582
20970582
20988837
20988837
20988837
21005524
21005524
21005524
20991431
20991431
20991431
20999507
20999507
20999507
20967117
20967117
20967117
20951729
20951729
20951729
21001460
21001460
21001460
21007714
21007714
21007714
21007617
21007617
21007617
21007616
21007616
21007616
21007566
21007566
21007566
21002727
21002727
21002727
20989930
20989930
20989930
20992199
20992199
20992199
20871878
20871878
20871878
20951884
20951884
20951884
21003053
21003053
21003053
21000314
21000314
21000314
21006663
21006663
21006663
21006644
21006644
21006644
21006607
21006607
21006607
20947773
20947773
20947773
21001131
21001131
21001131
20951858
20951858
20951858
20987386
20987386
20987386
20973811
20973811
20973811
20992391
20992391
20992391
20987891
20987891
20987891
20998839
20998839
20998839
21005081
21005081
21005081
20969378
20969378
20969378
20986500
20986500
20986500
21004474
21004474
21004474
21000775
21000775
21000775
21002952
21002952
21002952
20965180
20965180
20965180
21001874
21001874
21001874
21001870
21001870
21001870
21001727
21001727
21001727
21001718
21001718
21001718
21001670
21001670
21001670
21005850
21005850
21005850
21005841
21005841
21005841
20985879
20985879
20985879
20992184
20992184
20992184
20990040
20990040
20990040
20979077
20979077
20979077
20968455
20968455
20968455
21000736
21000736
21000736
