21000598
21000598
21000598
20936701
20936701
20936701
20974576
20974576
20974576
20988483
20988483
20988483
20941542
20941542
20941542
20990679
20990679
20990679
21001617
21001617
21001617
21001572
21001572
21001572
21001517
21001517
21001517
21005054
21005054
21005054
21005034
21005034
21005034
21004355
21004355
21004355
20982198
20982198
20982198
20966435
20966435
20966435
21005446
21005446
21005446
21005429
21005429
21005429
20997355
20997355
20997355
20916909
20916909
20916909
20985649
20985649
20985649
20984466
20984466
20984466
21003165
21003165
21003165
20965044
20965044
20965044
20988668
20988668
20988668
20942018
20942018
20942018
21001406
21001406
21001406
21001295
21001295
21001295
21007397
21007397
21007397
21007383
21007383
21007383
20969558
20969558
20969558
20997207
20997207
20997207
20992446
20992446
20992446
21005761
21005761
21005761
20976331
20976331
20976331
20960487
20960487
20960487
20971325
20971325
20971325
21002289
21002289
21002289
20974381
20974381
20974381
21004957
21004957
21004957
20988742
20988742
20988742
21001119
21001119
21001119
20968948
20968948
20968948
20685057
20685057
20685057
20997878
20997878
20997878
20991238
20991238
20991238
20989264
20989264
20989264
21001531
21001531
21001531
20945872
20945872
20945872
20968740
20968740
20968740
20892784
20892784
20892784
20990014
20990014
20990014
20902032
20902032
20902032
21000768
21000768
21000768
20995715
20995715
20995715
20981797
20981797
20981797
21003455
21003455
21003455
20982423
20982423
20982423
21004745
21004745
21004745
21001818
21001818
21001818
