21001806
21001806
21001806
21006338
21006338
21006338
21006276
21006276
21006276
20973759
20973759
20973759
21005670
21005670
21005670
20971374
20971374
20971374
21000651
21000651
21000651
20793257
20793257
20793257
20997067
20997067
20997067
21002955
21002955
21002955
21005319
21005319
21005319
21005300
21005300
21005300
21002469
21002469
21002469
20982989
20982989
20982989
20970873
20970873
20970873
21003941
21003941
21003941
20988274
20988274
20988274
20978699
20978699
20978699
20968092
20968092
20968092
20967981
20967981
20967981
20930167
20930167
20930167
20955601
20955601
20955601
20913750
20913750
20913750
20978514
20978514
20978514
20976307
20976307
20976307
20948366
20948366
20948366
20983922
20983922
20983922
21004547
21004547
21004547
20977465
20977465
20977465
20989261
20989261
20989261
20970109
20970109
20970109
20909086
20909086
20909086
20981165
20981165
20981165
20917865
20917865
20917865
20943317
20943317
20943317
20986224
20986224
20986224
21000228
21000228
21000228
20970435
20970435
20970435
20993688
20993688
20993688
20994478
20994478
20994478
21003745
21003745
21003745
20950721
20950721
20950721
20962672
20962672
20962672
20970057
20970057
20970057
21005236
21005236
21005236
21005229
21005229
21005229
20901473
20901473
20901473
20987617
20987617
20987617
20965171
20965171
20965171
20032718
20032718
20032718
21006226
21006226
21006226
20983585
20983585
20983585
21002212
21002212
21002212
21001197
21001197
21001197
21008339
21008339
21008339
21008310
21008310
21008310
21008308
21008308
21008308
21008295
21008295
21008295
