21008291
21008291
21008291
21008270
21008270
21008270
20995984
20995984
20995984
20965348
20965348
20965348
21003147
21003147
21003147
20924871
20924871
20924871
20944222
20944222
20944222
20978915
20978915
20978915
20976996
20976996
20976996
20954836
20954836
20954836
20997250
20997250
20997250
20987802
20987802
20987802
20959184
20959184
20959184
20988530
20988530
20988530
20989152
20989152
20989152
20936484
20936484
20936484
20980403
20980403
20980403
20984736
20984736
20984736
20962516
20962516
20962516
20992463
20992463
20992463
21002777
21002777
21002777
20969375
20969375
20969375
20969357
20969357
20969357
20966740
20966740
20966740
20991803
20991803
20991803
20968912
20968912
20968912
20974662
20974662
20974662
20976704
20976704
20976704
20982006
20982006
20982006
20991641
20991641
20991641
20950704
20950704
20950704
20965014
20965014
20965014
20986717
20986717
20986717
20964876
20964876
20964876
20996794
20996794
20996794
21007067
21007067
21007067
21007042
21007042
21007042
20969538
20969538
20969538
20987786
20987786
20987786
21006004
21006004
21006004
20988491
20988491
20988491
20974367
20974367
20974367
21000413
21000413
21000413
20987113
20987113
20987113
20989861
20989861
20989861
20967213
20967213
20967213
20965324
20965324
20965324
21001475
21001475
21001475
20914606
20914606
20914606
20971279
20971279
20971279
21005057
21005057
21005057
20993286
20993286
20993286
20949868
20949868
20949868
20988057
20988057
20988057
20973131
20973131
20973131
20986318
20986318
20986318
20939092
20939092
20939092
20991810
20991810
20991810
