21002747
21002747
21002747
21006257
21006257
21006257
21004018
21004018
21004018
21004099
21004099
21004099
21004653
21004653
21004653
21000341
21000341
21000341
21003555
21003555
21003555
21000135
21000135
21000135
20998299
20998299
20998299
20986608
20986608
20986608
21004512
21004512
21004512
21007314
21007314
21007314
21006707
21006707
21006707
21007446
21007446
21007446
21007409
21007409
21007409
21002038
21002038
21002038
21008470
21008470
21008470
21001453
21001453
21001453
21007627
21007627
21007627
21008699
21008699
21008699
21003679
21003679
21003679
21006418
21006418
21006418
21002412
21002412
21002412
21007552
21007552
21007552
21002071
21002071
21002071
21007271
21007271
21007271
21004570
21004570
21004570
21003579
21003579
21003579
21004511
21004511
21004511
21004785
21004785
21004785
21007544
21007544
21007544
21007254
21007254
21007254
21002131
21002131
21002131
21006957
21006957
21006957
21008112
21008112
21008112
21008036
21008036
21008036
21006007
21006007
21006007
20996717
20996717
20996717
21006454
21006454
21006454
21006426
21006426
21006426
21007245
21007245
21007245
21004142
21004142
21004142
21003074
21003074
21003074
21008523
21008523
21008523
21006550
21006550
21006550
21002282
21002282
21002282
21008792
21008792
21008792
21008778
21008778
21008778
20993593
20993593
20993593
21004734
21004734
21004734
21003875
21003875
21003875
20988429
20988429
20988429
21003188
21003188
21003188
20998916
20998916
20998916
21003956
21003956
21003956
20990442
20990442
20990442
20997641
20997641
20997641
21004447
21004447
21004447
