20999647
20999647
20999647
20996320
20996320
20996320
20879135
20879135
20879135
21000203
21000203
21000203
20964634
20964634
20964634
20915321
20915321
20915321
20591917
20591917
20591917
20991094
20991094
20991094
19616154
19616154
19616154
20982927
20982927
20982927
21001400
21001400
21001400
20987169
20987169
20987169
20977337
20977337
20977337
20998303
20998303
20998303
20998292
20998292
20998292
20998249
20998249
20998249
20997281
20997281
20997281
20999016
20999016
20999016
20953482
20953482
20953482
20989044
20989044
20989044
20981304
20981304
20981304
20965160
20965160
20965160
20993633
20993633
20993633
20993572
20993572
20993572
20997034
20997034
20997034
20987431
20987431
20987431
21001225
21001225
21001225
21001132
21001132
21001132
20945920
20945920
20945920
21005928
21005928
21005928
20968606
20968606
20968606
20872682
20872682
20872682
20903119
20903119
20903119
20986181
20986181
20986181
20923435
20923435
20923435
21007727
21007727
21007727
20964399
20964399
20964399
21005428
21005428
21005428
20925229
20925229
20925229
20995013
20995013
20995013
20973531
20973531
20973531
20991834
20991834
20991834
21006975
21006975
21006975
21006945
21006945
21006945
21006935
21006935
21006935
21006908
21006908
21006908
21006876
21006876
21006876
21006874
21006874
21006874
21006872
21006872
21006872
20975941
20975941
20975941
20985089
20985089
20985089
20999388
20999388
20999388
20987101
20987101
20987101
21003985
21003985
21003985
21003827
21003827
21003827
20974841
20974841
20974841
20995959
20995959
20995959
21008209
21008209
21008209
