21008205
21008205
21008205
20997700
20997700
20997700
21004769
21004769
21004769
20901242
20901242
20901242
20973447
20973447
20973447
20914052
20914052
20914052
20841872
20841872
20841872
20985514
20985514
20985514
20994567
20994567
20994567
20980196
20980196
20980196
20999351
20999351
20999351
20915266
20915266
20915266
20978107
20978107
20978107
20988851
20988851
20988851
20997420
20997420
20997420
20986890
20986890
20986890
20999842
20999842
20999842
20999808
20999808
20999808
20967501
20967501
20967501
20990561
20990561
20990561
20990552
20990552
20990552
20998429
20998429
20998429
20993654
20993654
20993654
20990033
20990033
20990033
20931342
20931342
20931342
21001689
21001689
21001689
21005803
21005803
21005803
20921398
20921398
20921398
20999155
20999155
20999155
20832470
20832470
20832470
20935893
20935893
20935893
20964401
20964401
20964401
20997061
20997061
20997061
20994318
20994318
20994318
20999670
20999670
20999670
21004695
21004695
21004695
21004679
21004679
21004679
20984065
20984065
20984065
20986066
20986066
20986066
20997018
20997018
20997018
20991660
20991660
20991660
20968364
20968364
20968364
20989878
20989878
20989878
20920211
20920211
20920211
20973251
20973251
20973251
20948638
20948638
20948638
20953862
20953862
20953862
20956023
20956023
20956023
21006854
21006854
21006854
21006821
21006821
21006821
21006789
21006789
21006789
21006787
21006787
21006787
21006779
21006779
21006779
20990110
20990110
20990110
20983619
20983619
20983619
20955566
20955566
20955566
20976886
20976886
20976886
21001404
21001404
21001404
