21002459
21002459
21002459
20997895
20997895
20997895
20993047
20993047
20993047
20995958
20995958
20995958
21004503
21004503
21004503
21004452
21004452
21004452
20999480
20999480
20999480
20983443
20983443
20983443
20971758
20971758
20971758
20987622
20987622
20987622
21005713
21005713
21005713
20940574
20940574
20940574
20970102
20970102
20970102
20991259
20991259
20991259
20991211
20991211
20991211
20998692
20998692
20998692
20969494
20969494
20969494
20967179
20967179
20967179
20901802
20901802
20901802
20976990
20976990
20976990
20994484
20994484
20994484
20967651
20967651
20967651
21001105
21001105
21001105
21001047
21001047
21001047
20996353
20996353
20996353
21002389
21002389
21002389
21002350
21002350
21002350
21002305
21002305
21002305
20974594
20974594
20974594
20808313
20808313
20808313
20992889
20992889
20992889
20967452
20967452
20967452
20957655
20957655
20957655
20936079
20936079
20936079
20997436
20997436
20997436
20902412
20902412
20902412
20959719
20959719
20959719
20974044
20974044
20974044
20963689
20963689
20963689
20960619
20960619
20960619
21004331
21004331
21004331
21004325
21004325
21004325
20983430
20983430
20983430
20936363
20936363
20936363
20993346
20993346
20993346
20974881
20974881
20974881
20983797
20983797
20983797
20998501
20998501
20998501
20981041
20981041
20981041
20984676
20984676
20984676
20976323
20976323
20976323
20981306
20981306
20981306
20945845
20945845
20945845
21008125
21008125
21008125
21008108
21008108
21008108
21008082
21008082
21008082
21008071
21008071
21008071
21008064
21008064
21008064
