21008034
21008034
21008034
20977983
20977983
20977983
17367383
17367383
17367383
20989737
20989737
20989737
21005700
21005700
21005700
20998295
20998295
20998295
20998290
20998290
20998290
21006638
21006638
21006638
20973111
20973111
20973111
21000728
21000728
21000728
20949507
20949507
20949507
21002103
21002103
21002103
20967406
20967406
20967406
21004173
21004173
21004173
21004140
21004140
21004140
20945283
20945283
20945283
20915528
20915528
20915528
20986449
20986449
20986449
20971665
20971665
20971665
20999753
20999753
20999753
20999724
20999724
20999724
20864113
20864113
20864113
20900401
20900401
20900401
20912013
20912013
20912013
20975183
20975183
20975183
20990233
20990233
20990233
20990203
20990203
20990203
21000394
21000394
21000394
20984608
20984608
20984608
20984006
20984006
20984006
20980008
20980008
20980008
20933745
20933745
20933745
20962504
20962504
20962504
20923499
20923499
20923499
20979914
20979914
20979914
20997880
20997880
20997880
20984284
20984284
20984284
20899419
20899419
20899419
21000309
21000309
21000309
21000292
21000292
21000292
20969369
20969369
20969369
21005043
21005043
21005043
21004978
21004978
21004978
20974887
20974887
20974887
20941910
20941910
20941910
20983701
20983701
20983701
20990345
20990345
20990345
20998548
20998548
20998548
21006521
21006521
21006521
21006501
21006501
21006501
21006484
21006484
21006484
21006483
21006483
21006483
21003169
21003169
21003169
20987733
20987733
20987733
20999421
20999421
20999421
20999418
20999418
20999418
20960746
20960746
20960746
21003984
21003984
21003984
