21003881
21003881
21003881
20990168
20990168
20990168
20646885
20646885
20646885
20970327
20970327
20970327
20919063
20919063
20919063
20987550
20987550
20987550
20994780
20994780
20994780
20994763
20994763
20994763
20967933
20967933
20967933
20939171
20939171
20939171
20959096
20959096
20959096
20980203
20980203
20980203
20979224
20979224
20979224
20902729
20902729
20902729
20998417
20998417
20998417
20953134
20953134
20953134
20994670
20994670
20994670
20996008
20996008
20996008
21002540
21002540
21002540
21004959
21004959
21004959
21004888
21004888
21004888
20971490
20971490
20971490
21005545
21005545
21005545
20992359
20992359
20992359
20996899
20996899
20996899
20996854
20996854
20996854
20917947
20917947
20917947
20830858
20830858
20830858
20948362
20948362
20948362
20970288
20970288
20970288
20985448
20985448
20985448
20994497
20994497
20994497
20993501
20993501
20993501
20995401
20995401
20995401
20875410
20875410
20875410
21003722
21003722
21003722
20992292
20992292
20992292
21008025
21008025
21008025
21008021
21008021
21008021
21008014
21008014
21008014
21008010
21008010
21008010
21008007
21008007
21008007
21007983
21007983
21007983
21007934
21007934
21007934
20985361
20985361
20985361
20927926
20927926
20927926
20905514
20905514
20905514
19907662
19907662
19907662
20987759
20987759
20987759
20958299
20958299
20958299
20960531
20960531
20960531
20999760
20999760
20999760
20923733
20923733
20923733
20975545
20975545
20975545
20947698
20947698
20947698
20996482
20996482
20996482
20949582
20949582
20949582
20962151
20962151
20962151
