20992072
20992072
20992072
21004835
21004835
21004835
20946678
20946678
20946678
21006339
21006339
21006339
20997794
20997794
20997794
20976738
20976738
20976738
20905466
20905466
20905466
20979404
20979404
20979404
20967314
20967314
20967314
20912615
20912615
20912615
20999669
20999669
20999669
21002241
21002241
21002241
21002169
21002169
21002169
21002147
21002147
21002147
20993894
20993894
20993894
20993833
20993833
20993833
20954597
20954597
20954597
20994943
20994943
20994943
20942444
20942444
20942444
20982776
20982776
20982776
20977733
20977733
20977733
20961228
20961228
20961228
20997560
20997560
20997560
20995713
20995713
20995713
20970152
20970152
20970152
20961820
20961820
20961820
20909761
20909761
20909761
20996240
20996240
20996240
20987906
20987906
20987906
20999615
20999615
20999615
20902956
20902956
20902956
20972583
20972583
20972583
20848326
20848326
20848326
21002001
21002001
21002001
20997343
20997343
20997343
20976720
20976720
20976720
20968074
20968074
20968074
20947812
20947812
20947812
20980509
20980509
20980509
20982239
20982239
20982239
20955144
20955144
20955144
20943169
20943169
20943169
20947552
20947552
20947552
20946822
20946822
20946822
21002910
21002910
21002910
20977916
20977916
20977916
20941452
20941452
20941452
20943871
20943871
20943871
20997130
20997130
20997130
20988413
20988413
20988413
20966553
20966553
20966553
20983992
20983992
20983992
21005448
21005448
21005448
20958318
20958318
20958318
20895127
20895127
20895127
20989237
20989237
20989237
20950540
20950540
20950540
20984506
20984506
20984506
