20739292
20739292
20739292
20991580
20991580
20991580
20964870
20964870
20964870
20950485
20950485
20950485
21006197
21006197
21006197
21006118
21006118
21006118
20998463
20998463
20998463
20998439
20998439
20998439
20999422
20999422
20999422
20961650
20961650
20961650
20951154
20951154
20951154
20975931
20975931
20975931
20975828
20975828
20975828
20990159
20990159
20990159
21004465
21004465
21004465
20979396
20979396
20979396
21001653
21001653
21001653
20974369
20974369
20974369
20968144
20968144
20968144
20979048
20979048
20979048
20920983
20920983
20920983
20998305
20998305
20998305
20977802
20977802
20977802
20993071
20993071
20993071
20925040
20925040
20925040
20991730
20991730
20991730
20991598
20991598
20991598
21007798
21007798
21007798
21007780
21007780
21007780
21007760
21007760
21007760
20786361
20786361
20786361
20826510
20826510
20826510
20985831
20985831
20985831
20968744
20968744
20968744
20935671
20935671
20935671
20931881
20931881
20931881
21003347
21003347
21003347
21002758
21002758
21002758
20944308
20944308
20944308
20966000
20966000
20966000
20978496
20978496
20978496
21005372
21005372
21005372
21005356
21005356
21005356
21005343
21005343
21005343
20994983
20994983
20994983
20994976
20994976
20994976
20999186
20999186
20999186
20954285
20954285
20954285
20974569
20974569
20974569
20993797
20993797
20993797
20988426
20988426
20988426
21004395
21004395
21004395
20950658
20950658
20950658
20899974
20899974
20899974
20946971
20946971
20946971
20944119
20944119
20944119
20995717
20995717
20995717
20995716
20995716
20995716
