20995696
20995696
20995696
18560462
18560462
18560462
20942750
20942750
20942750
21002682
21002682
21002682
20976973
20976973
20976973
21001208
21001208
21001208
21006095
21006095
21006095
21006094
21006094
21006094
21006079
21006079
21006079
21006078
21006078
21006078
20988006
20988006
20988006
20990261
20990261
20990261
20992211
20992211
20992211
20944064
20944064
20944064
20965771
20965771
20965771
20945562
20945562
20945562
20993354
20993354
20993354
20991120
20991120
20991120
20945952
20945952
20945952
20941624
20941624
20941624
20943828
20943828
20943828
20969960
20969960
20969960
20948078
20948078
20948078
20994355
20994355
20994355
20935708
20935708
20935708
20987740
20987740
20987740
21002480
21002480
21002480
21002451
21002451
21002451
21000884
21000884
21000884
20985546
20985546
20985546
20967732
20967732
20967732
20997351
20997351
20997351
20945278
20945278
20945278
20998787
20998787
20998787
20998697
20998697
20998697
20995371
20995371
20995371
20963166
20963166
20963166
20934254
20934254
20934254
20992533
20992533
20992533
20972350
20972350
20972350
20996057
20996057
20996057
20971302
20971302
20971302
20971171
20971171
20971171
20984270
20984270
20984270
20997275
20997275
20997275
20922031
20922031
20922031
20971008
20971008
20971008
20970958
20970958
20970958
20806183
20806183
20806183
21002354
21002354
21002354
21002310
21002310
21002310
20939158
20939158
20939158
20976700
20976700
20976700
20995971
20995971
20995971
20983696
20983696
20983696
20947856
20947856
20947856
20927992
20927992
20927992
20971603
20971603
20971603
