20963172
20963172
20963172
20944591
20944591
20944591
20996831
20996831
20996831
20991316
20991316
20991316
20983612
20983612
20983612
20967276
20967276
20967276
20990344
20990344
20990344
21005960
21005960
21005960
21005944
21005944
21005944
21005937
21005937
21005937
21005914
21005914
21005914
21005909
21005909
21005909
21005891
21005891
21005891
20948345
20948345
20948345
20971413
20971413
20971413
21005230
21005230
21005230
21005152
21005152
21005152
20981482
20981482
20981482
20957886
20957886
20957886
20962132
20962132
20962132
21000435
21000435
21000435
20983464
20983464
20983464
20945754
20945754
20945754
20904428
20904428
20904428
21007561
21007561
21007561
20998513
20998513
20998513
20992816
20992816
20992816
20973731
20973731
20973731
20960976
20960976
20960976
20990210
20990210
20990210
20949318
20949318
20949318
20996682
20996682
20996682
20964181
20964181
20964181
20946324
20946324
20946324
20987775
20987775
20987775
20992216
20992216
20992216
20867279
20867279
20867279
20879064
20879064
20879064
20961306
20961306
20961306
20957115
20957115
20957115
20959634
20959634
20959634
21003965
21003965
21003965
21003934
21003934
21003934
20988836
20988836
20988836
20975642
20975642
20975642
20984291
20984291
20984291
20987643
20987643
20987643
20925532
20925532
20925532
20952026
20952026
20952026
20917843
20917843
20917843
20991952
20991952
20991952
20981898
20981898
20981898
20992726
20992726
20992726
21002027
21002027
21002027
21002018
21002018
21002018
21001997
21001997
21001997
20979612
20979612
20979612
20995708
20995708
20995708
