20976321
20976321
20976321
20971227
20971227
20971227
20941120
20941120
20941120
20990782
20990782
20990782
21005141
21005141
21005141
20976143
20976143
20976143
20922871
20922871
20922871
20972727
20972727
20972727
20965781
20965781
20965781
20965704
20965704
20965704
20974771
20974771
20974771
20882424
20882424
20882424
20926380
20926380
20926380
20983457
20983457
20983457
20988320
20988320
20988320
20991699
20991699
20991699
20991586
20991586
20991586
20938216
20938216
20938216
21001708
21001708
21001708
21001704
21001704
21001704
20948091
20948091
20948091
21005864
21005864
21005864
21005839
21005839
21005839
21005835
21005835
21005835
21005830
21005830
21005830
21005789
21005789
21005789
21003774
21003774
21003774
20925821
20925821
20925821
20999164
20999164
20999164
20966446
20966446
20966446
20640519
20640519
20640519
20905293
20905293
20905293
20951054
20951054
20951054
20976612
20976612
20976612
20826356
20826356
20826356
20069070
20069070
20069070
20991568
20991568
20991568
20985553
20985553
20985553
20983208
20983208
20983208
17188226
17188226
17188226
20878917
20878917
20878917
20987868
20987868
20987868
20989825
20989825
20989825
20987039
20987039
20987039
20952860
20952860
20952860
20983085
20983085
20983085
20945349
20945349
20945349
20987761
20987761
20987761
20982947
20982947
20982947
20943409
20943409
20943409
20945286
20945286
20945286
20985193
20985193
20985193
20964502
20964502
20964502
20953119
20953119
20953119
20954533
20954533
20954533
20999892
20999892
20999892
20946729
20946729
20946729
20979054
20979054
20979054
