21001447
21001447
21001447
21004312
21004312
21004312
21000671
21000671
21000671
20999864
20999864
20999864
21004152
21004152
21004152
21005273
21005273
21005273
20993106
20993106
20993106
21002789
21002789
21002789
20999373
20999373
20999373
20979091
20979091
20979091
20970936
20970936
20970936
21006812
21006812
21006812
21006799
21006799
21006799
21004076
21004076
21004076
21006250
21006250
21006250
20994031
20994031
20994031
21004687
21004687
21004687
21007478
21007478
21007478
21007415
21007415
21007415
21007388
21007388
21007388
21007642
21007642
21007642
20994574
20994574
20994574
20989961
20989961
20989961
20992236
20992236
20992236
21004469
21004469
21004469
20997984
20997984
20997984
20994180
20994180
20994180
21006432
21006432
21006432
21005532
21005532
21005532
21000061
21000061
21000061
21006721
21006721
21006721
21008677
21008677
21008677
20982524
20982524
20982524
21008514
21008514
21008514
21007122
21007122
21007122
21001935
21001935
21001935
21001384
21001384
21001384
21001321
21001321
21001321
21004156
21004156
21004156
21004121
21004121
21004121
21006045
21006045
21006045
21005102
21005102
21005102
21003474
21003474
21003474
21005014
21005014
21005014
20935779
20935779
20935779
21007813
21007813
21007813
21003429
21003429
21003429
20993078
20993078
20993078
21001234
21001234
21001234
21001200
21001200
21001200
20997546
20997546
20997546
21000605
21000605
21000605
21003920
21003920
21003920
20992843
20992843
20992843
21001822
21001822
21001822
20995693
20995693
20995693
21006277
21006277
21006277
20997780
20997780
20997780
