21003639
21003639
21003639
20973301
20973301
20973301
20945742
20945742
20945742
20995252
20995252
20995252
20995214
20995214
20995214
20989739
20989739
20989739
20971551
20971551
20971551
20984072
20984072
20984072
20972556
20972556
20972556
20963608
20963608
20963608
20962266
20962266
20962266
20911853
20911853
20911853
20992823
20992823
20992823
20972463
20972463
20972463
20964976
20964976
20964976
20859335
20859335
20859335
20988610
20988610
20988610
20932823
20932823
20932823
20964865
20964865
20964865
20931232
20931232
20931232
21007497
21007497
21007497
21007452
21007452
21007452
21007414
21007414
21007414
21007371
21007371
21007371
20929117
20929117
20929117
20993687
20993687
20993687
20963439
20963439
20963439
20971027
20971027
20971027
20988411
20988411
20988411
20988392
20988392
20988392
20931473
20931473
20931473
20762827
20762827
20762827
21005771
21005771
21005771
20981145
20981145
20981145
20949642
20949642
20949642
20978163
20978163
20978163
20992020
20992020
20992020
20992018
20992018
20992018
20948008
20948008
20948008
20981985
20981985
20981985
20993582
20993582
20993582
21003484
21003484
21003484
20989443
20989443
20989443
20869078
20869078
20869078
21001048
21001048
21001048
20981963
20981963
20981963
20922039
20922039
20922039
20980460
20980460
20980460
20817574
20817574
20817574
20990634
20990634
20990634
20979079
20979079
20979079
20975803
20975803
20975803
20994861
20994861
20994861
20994776
20994776
20994776
20991685
20991685
20991685
20996789
20996789
20996789
20967611
20967611
20967611
20959403
20959403
20959403
