20957712
20957712
20957712
20993234
20993234
20993234
20994651
20994651
20994651
20862633
20862633
20862633
21000880
21000880
21000880
20989040
20989040
20989040
20876505
20876505
20876505
20862812
20862812
20862812
20884017
20884017
20884017
20979814
20979814
20979814
20975027
20975027
20975027
21002681
21002681
21002681
20892694
20892694
20892694
20988841
20988841
20988841
20994490
20994490
20994490
20994377
20994377
20994377
20994351
20994351
20994351
20969489
20969489
20969489
20793143
20793143
20793143
21005671
21005671
21005671
20999508
20999508
20999508
20999490
20999490
20999490
20858626
20858626
20858626
20974502
20974502
20974502
20967757
20967757
20967757
20973152
20973152
20973152
20990086
20990086
20990086
20971169
20971169
20971169
20971137
20971137
20971137
20961260
20961260
20961260
20994244
20994244
20994244
20945943
20945943
20945943
20955823
20955823
20955823
20899887
20899887
20899887
20861788
20861788
20861788
21003290
21003290
21003290
21002572
21002572
21002572
20992267
20992267
20992267
20998111
20998111
20998111
20999400
20999400
20999400
20930524
20930524
20930524
20966953
20966953
20966953
20963895
20963895
20963895
20961825
20961825
20961825
20942833
20942833
20942833
20857968
20857968
20857968
20503940
20503940
20503940
20990899
20990899
20990899
20975031
20975031
20975031
21007335
21007335
21007335
21007298
21007298
21007298
21007288
21007288
21007288
21007273
21007273
21007273
20972674
20972674
20972674
20962459
20962459
20962459
21004709
21004709
21004709
21004701
21004701
21004701
21004683
21004683
21004683
