21004591
21004591
21004591
21004563
21004563
21004563
20788761
20788761
20788761
20983621
20983621
20983621
20955865
20955865
20955865
20947595
20947595
20947595
20949437
20949437
20949437
20991962
20991962
20991962
20942759
20942759
20942759
20966525
20966525
20966525
21002377
21002377
21002377
20977955
20977955
20977955
20867530
20867530
20867530
20992736
20992736
20992736
20955195
20955195
20955195
20958818
20958818
20958818
20925122
20925122
20925122
20955064
20955064
20955064
20892828
20892828
20892828
20989062
20989062
20989062
20984982
20984982
20984982
20950382
20950382
20950382
21005619
21005619
21005619
21005564
21005564
21005564
20997525
20997525
20997525
20974135
20974135
20974135
20981981
20981981
20981981
20924607
20924607
20924607
20945716
20945716
20945716
20950013
20950013
20950013
20989834
20989834
20989834
20945609
20945609
20945609
20987558
20987558
20987558
20805705
20805705
20805705
20991744
20991744
20991744
20980417
20980417
20980417
20972741
20972741
20972741
21002226
21002226
21002226
21002172
21002172
21002172
20955223
20955223
20955223
20992639
20992639
20992639
20988881
20988881
20988881
20987408
20987408
20987408
20978574
20978574
20978574
20997414
20997414
20997414
20986726
20986726
20986726
20990293
20990293
20990293
21004506
21004506
21004506
21004471
21004471
21004471
21004461
21004461
21004461
20957797
20957797
20957797
20941958
20941958
20941958
20875075
20875075
20875075
20969364
20969364
20969364
20869388
20869388
20869388
20974806
20974806
20974806
20837435
20837435
20837435
20945389
20945389
20945389
