20948344
20948344
20948344
20936651
20936651
20936651
20986658
20986658
20986658
20925232
20925232
20925232
20989610
20989610
20989610
20974394
20974394
20974394
20965688
20965688
20965688
21002069
21002069
21002069
21001990
21001990
21001990
21001949
21001949
21001949
20912440
20912440
20912440
20979673
20979673
20979673
20916409
20916409
20916409
20998966
20998966
20998966
20868173
20868173
20868173
20988295
20988295
20988295
20969566
20969566
20969566
20993166
20993166
20993166
20993105
20993105
20993105
20943721
20943721
20943721
20839108
20839108
20839108
20967692
20967692
20967692
21005556
21005556
21005556
21005540
21005540
21005540
20922999
20922999
20922999
21003120
21003120
21003120
20997008
20997008
20997008
20996895
20996895
20996895
20971798
20971798
20971798
18877026
18877026
18877026
20985144
20985144
20985144
20808949
20808949
20808949
20952611
20952611
20952611
20896040
20896040
20896040
21004392
21004392
21004392
21004377
21004377
21004377
21004374
21004374
21004374
21004343
21004343
21004343
21004292
21004292
21004292
20994402
20994402
20994402
20989976
20989976
20989976
21001759
21001759
21001759
20942883
20942883
20942883
20981841
20981841
20981841
20947744
20947744
20947744
20947739
20947739
20947739
20989343
20989343
20989343
21007121
21007121
21007121
21007073
21007073
21007073
21007071
21007071
21007071
21007037
21007037
21007037
20969996
20969996
20969996
20986146
20986146
20986146
20983108
20983108
20983108
20966936
20966936
20966936
20994153
20994153
20994153
20987823
20987823
20987823
20875912
20875912
20875912
