20992170
20992170
20992170
20911446
20911446
20911446
20922283
20922283
20922283
21003058
21003058
21003058
21003035
21003035
21003035
20926152
20926152
20926152
20939882
20939882
20939882
20975866
20975866
20975866
20960751
20960751
20960751
21001580
21001580
21001580
20939631
20939631
20939631
20936659
20936659
20936659
20993973
20993973
20993973
20942634
20942634
20942634
20965112
20965112
20965112
20964122
20964122
20964122
20331102
20331102
20331102
20652704
20652704
20652704
21004276
21004276
21004276
21004175
21004175
21004175
20989818
20989818
20989818
20973928
20973928
20973928
20971800
20971800
20971800
20506307
20506307
20506307
20963881
20963881
20963881
20959021
20959021
20959021
20975485
20975485
20975485
20972754
20972754
20972754
20988818
20988818
20988818
20925039
20925039
20925039
20862995
20862995
20862995
20882680
20882680
20882680
20940053
20940053
20940053
20886097
20886097
20886097
20980596
20980596
20980596
20944960
20944960
20944960
20964773
20964773
20964773
20965734
20965734
20965734
21002968
21002968
21002968
21002965
21002965
21002965
20982182
20982182
20982182
21001376
21001376
21001376
21001261
21001261
21001261
20992701
20992701
20992701
20950517
20950517
20950517
20658424
20658424
20658424
20966911
20966911
20966911
20844095
20844095
20844095
20806140
20806140
20806140
20980292
20980292
20980292
20988385
20988385
20988385
20926932
20926932
20926932
20885166
20885166
20885166
14932451
14932451
14932451
20955106
20955106
20955106
20968989
20968989
20968989
20952906
20952906
20952906
20990244
20990244
20990244
