20980253
20980253
20980253
20964098
20964098
20964098
20857680
20857680
20857680
21004131
21004131
21004131
21004050
21004050
21004050
21004030
21004030
21004030
21003998
21003998
21003998
20936384
20936384
20936384
20909824
20909824
20909824
20967601
20967601
20967601
21001171
21001171
21001171
21001146
21001146
21001146
20995042
20995042
20995042
20953335
20953335
20953335
21002944
21002944
21002944
21002927
21002927
21002927
20929487
20929487
20929487
20964679
20964679
20964679
20982929
20982929
20982929
20919954
20919954
20919954
20916744
20916744
20916744
20939666
20939666
20939666
20937529
20937529
20937529
21005447
21005447
21005447
20923361
20923361
20923361
20997842
20997842
20997842
21007000
21007000
21007000
21006949
21006949
21006949
21006943
21006943
21006943
21006941
21006941
21006941
21006938
21006938
21006938
21006931
21006931
21006931
21006923
21006923
21006923
21006922
21006922
21006922
21006906
21006906
21006906
21006895
21006895
21006895
21006861
21006861
21006861
20889848
20889848
20889848
20986802
20986802
20986802
20979248
20979248
20979248
20922045
20922045
20922045
20850431
20850431
20850431
20938887
20938887
20938887
21003878
21003878
21003878
21003853
21003853
21003853
20950572
20950572
20950572
20946631
20946631
20946631
20967656
20967656
20967656
20989158
20989158
20989158
20951994
20951994
20951994
20948615
20948615
20948615
20946022
20946022
20946022
20954086
20954086
20954086
20974484
20974484
20974484
20960921
20960921
20960921
20980311
20980311
20980311
20992232
20992232
20992232
20926435
20926435
20926435
