20926410
20926410
20926410
20922009
20922009
20922009
20504060
20504060
20504060
20892173
20892173
20892173
20964682
20964682
20964682
20783491
20783491
20783491
20965798
20965798
20965798
20952853
20952853
20952853
20994704
20994704
20994704
20925697
20925697
20925697
20938756
20938756
20938756
20913359
20913359
20913359
20988729
20988729
20988729
20827915
20827915
20827915
20985187
20985187
20985187
20942986
20942986
20942986
20957187
20957187
20957187
21002706
21002706
21002706
20933417
20933417
20933417
20923666
20923666
20923666
21005367
21005367
21005367
20962526
20962526
20962526
20854776
20854776
20854776
20999211
20999211
20999211
20999133
20999133
20999133
20849642
20849642
20849642
18032959
18032959
18032959
21000465
21000465
21000465
20997121
20997121
20997121
20997082
20997082
20997082
20399144
20399144
20399144
20936441
20936441
20936441
20952620
20952620
20952620
20465731
20465731
20465731
20974852
20974852
20974852
20970589
20970589
20970589
20851819
20851819
20851819
20872498
20872498
20872498
21002631
21002631
21002631
20999067
20999067
20999067
20984643
20984643
20984643
20938231
20938231
20938231
20982694
20982694
20982694
20965572
20965572
20965572
20827205
20827205
20827205
20981176
20981176
20981176
20988062
20988062
20988062
20954089
20954089
20954089
21000380
21000380
21000380
20918457
20918457
20918457
21003646
21003646
21003646
21003629
21003629
21003629
21003615
21003615
21003615
21003592
21003592
21003592
21003587
21003587
21003587
21003572
21003572
21003572
21003550
21003550
21003550
20974072
20974072
20974072
