20964120
20964120
20964120
20991573
20991573
20991573
20975918
20975918
20975918
20978283
20978283
20978283
20960403
20960403
20960403
20910204
20910204
20910204
21006836
21006836
21006836
21006833
21006833
21006833
21006798
21006798
21006798
21006743
21006743
21006743
21006732
21006732
21006732
21006710
21006710
21006710
21006706
21006706
21006706
21006696
21006696
21006696
21006683
21006683
21006683
20982354
20982354
20982354
20951081
20951081
20951081
20916202
20916202
20916202
20969933
20969933
20969933
20998921
20998921
20998921
20980195
20980195
20980195
20829721
20829721
20829721
20978227
20978227
20978227
20866772
20866772
20866772
20950535
20950535
20950535
21002512
21002512
21002512
20907920
20907920
20907920
20953366
20953366
20953366
20986774
20986774
20986774
20989263
20989263
20989263
20976768
20976768
20976768
20828217
20828217
20828217
20291210
20291210
20291210
20744503
20744503
20744503
20987635
20987635
20987635
20951752
20951752
20951752
20957047
20957047
20957047
20998800
20998800
20998800
20998726
20998726
20998726
20995295
20995295
20995295
20989194
20989194
20989194
20955246
20955246
20955246
21003538
21003538
21003538
21003528
21003528
21003528
21003478
21003478
21003478
20993575
20993575
20993575
20948928
20948928
20948928
20974878
20974878
20974878
20919840
20919840
20919840
20769010
20769010
20769010
20942460
20942460
20942460
20977409
20977409
20977409
20965272
20965272
20965272
20796577
20796577
20796577
21002436
21002436
21002436
20923016
20923016
20923016
20987257
20987257
20987257
20979035
20979035
20979035
