20972927
20972927
20972927
20972914
20972914
20972914
20972912
20972912
20972912
20545903
20545903
20545903
20846312
20846312
20846312
20998586
20998586
20998586
20986557
20986557
20986557
20912910
20912910
20912910
20971769
20971769
20971769
20942048
20942048
20942048
20838721
20838721
20838721
20943087
20943087
20943087
20882952
20882952
20882952
21002977
21002977
21002977
20895273
20895273
20895273
20737044
20737044
20737044
20963177
20963177
20963177
20889092
20889092
20889092
20901510
20901510
20901510
20920845
20920845
20920845
20827829
20827829
20827829
21005233
21005233
21005233
21005164
21005164
21005164
21005144
21005144
21005144
20988599
20988599
20988599
20962957
20962957
20962957
20947673
20947673
20947673
20998385
20998385
20998385
20956731
20956731
20956731
20903876
20903876
20903876
21003454
21003454
21003454
20961329
20961329
20961329
21002276
21002276
21002276
21002135
21002135
21002135
20962891
20962891
20962891
20909656
20909656
20909656
20984548
20984548
20984548
20422153
20422153
20422153
20938520
20938520
20938520
20989791
20989791
20989791
20948489
20948489
20948489
20993148
20993148
20993148
20968753
20968753
20968753
20923225
20923225
20923225
20906975
20906975
20906975
20984497
20984497
20984497
20982228
20982228
20982228
20506053
20506053
20506053
20950293
20950293
20950293
20917789
20917789
20917789
20932107
20932107
20932107
20947989
20947989
20947989
21006666
21006666
21006666
21006662
21006662
21006662
21006660
21006660
21006660
21006629
21006629
21006629
21006573
21006573
21006573
21006562
21006562
21006562
