21006546
21006546
21006546
21006542
21006542
21006542
20975054
20975054
20975054
20973125
20973125
20973125
20968422
20968422
20968422
20640359
20640359
20640359
20933077
20933077
20933077
20955456
20955456
20955456
15400819
15400819
15400819
20985789
20985789
20985789
20973036
20973036
20973036
20919567
20919567
20919567
21002032
21002032
21002032
21001945
21001945
21001945
20871089
20871089
20871089
20943725
20943725
20943725
20824822
20824822
20824822
20929090
20929090
20929090
20955011
20955011
20955011
20817969
20817969
20817969
20935305
20935305
20935305
20985721
20985721
20985721
20961628
20961628
20961628
20961610
20961610
20961610
20963017
20963017
20963017
20998060
20998060
20998060
20997999
20997999
20997999
20947044
20947044
20947044
20989506
20989506
20989506
20601733
20601733
20601733
21005130
21005130
21005130
20999677
20999677
20999677
20971596
20971596
20971596
20928339
20928339
20928339
20936129
20936129
20936129
20858769
20858769
20858769
20968946
20968946
20968946
20976016
20976016
20976016
20977212
20977212
20977212
20941286
20941286
20941286
20935770
20935770
20935770
20949249
20949249
20949249
20942353
20942353
20942353
20909325
20909325
20909325
20924563
20924563
20924563
20145819
20145819
20145819
20994518
20994518
20994518
20975842
20975842
20975842
20920216
20920216
20920216
20985328
20985328
20985328
21001854
21001854
21001854
21001779
21001779
21001779
21001693
21001693
21001693
20865641
20865641
20865641
20978561
20978561
20978561
20645465
20645465
20645465
20966297
20966297
20966297
20989275
20989275
20989275
