20989799
20989799
20989799
21003235
21003235
21003235
21000141
21000141
21000141
21007428
21007428
21007428
20997427
20997427
20997427
21005626
21005626
21005626
20999457
20999457
20999457
21002179
21002179
21002179
21004011
21004011
21004011
21004542
21004542
21004542
20993826
20993826
20993826
20997627
20997627
20997627
21006925
21006925
21006925
21006124
21006124
21006124
20980928
20980928
20980928
20980666
20980666
20980666
20993668
20993668
20993668
21008457
21008457
21008457
21005036
21005036
21005036
21007160
21007160
21007160
21001952
21001952
21001952
20991370
20991370
20991370
20987813
20987813
20987813
20989182
20989182
20989182
21004338
21004338
21004338
20984897
20984897
20984897
20999714
20999714
20999714
20992340
20992340
20992340
21005401
21005401
21005401
21002274
21002274
21002274
21005529
21005529
21005529
21004493
21004493
21004493
20991270
20991270
20991270
21007142
21007142
21007142
20994375
20994375
20994375
21003699
21003699
21003699
21008617
21008617
21008617
21000231
21000231
21000231
20996978
20996978
20996978
21008495
21008495
21008495
20996496
20996496
20996496
21000507
21000507
21000507
21004509
21004509
21004509
21001363
21001363
21001363
20998636
20998636
20998636
20996786
20996786
20996786
21002746
21002746
21002746
20997977
20997977
20997977
20987612
20987612
20987612
20963214
20963214
20963214
21008751
21008751
21008751
21008741
21008741
21008741
21008729
21008729
21008729
21008716
21008716
21008716
21008696
21008696
21008696
21008694
21008694
21008694
21008691
21008691
21008691
21008688
21008688
21008688
