20962129
20962129
20962129
20985005
20985005
20985005
20970895
20970895
20970895
20656781
20656781
20656781
20938981
20938981
20938981
20968459
20968459
20968459
20968330
20968330
20968330
20904206
20904206
20904206
20789132
20789132
20789132
20826780
20826780
20826780
20925873
20925873
20925873
20833912
20833912
20833912
14955305
14955305
14955305
20968280
20968280
20968280
20925563
20925563
20925563
20921660
20921660
20921660
20968005
20968005
20968005
21001567
21001567
21001567
20928560
20928560
20928560
20939390
20939390
20939390
20999470
20999470
20999470
20947777
20947777
20947777
20920675
20920675
20920675
20920670
20920670
20920670
20964616
20964616
20964616
20971688
20971688
20971688
20988768
20988768
20988768
20963489
20963489
20963489
20949733
20949733
20949733
20927893
20927893
20927893
20997318
20997318
20997318
20997291
20997291
20997291
20971511
20971511
20971511
20581454
20581454
20581454
20987129
20987129
20987129
20987071
20987071
20987071
20930703
20930703
20930703
20982018
20982018
20982018
20831008
20831008
20831008
21006525
21006525
21006525
21006515
21006515
21006515
21006495
21006495
21006495
21006465
21006465
21006465
21006431
21006431
21006431
21006414
21006414
21006414
20942747
20942747
20942747
20941381
20941381
20941381
20937954
20937954
20937954
20919768
20919768
20919768
20974358
20974358
20974358
20974280
20974280
20974280
20881820
20881820
20881820
20710089
20710089
20710089
20977524
20977524
20977524
20923498
20923498
20923498
20928581
20928581
20928581
20920656
20920656
20920656
21001394
21001394
21001394
