21001390
21001390
21001390
21001344
21001344
21001344
21001294
21001294
21001294
20917829
20917829
20917829
20892754
20892754
20892754
20967209
20967209
20967209
20940497
20940497
20940497
20896362
20896362
20896362
20939178
20939178
20939178
20997271
20997271
20997271
20997164
20997164
20997164
20983383
20983383
20983383
20972594
20972594
20972594
20943682
20943682
20943682
20899367
20899367
20899367
20942945
20942945
20942945
20939973
20939973
20939973
20989764
20989764
20989764
20988188
20988188
20988188
20999330
20999330
20999330
20933807
20933807
20933807
20920558
20920558
20920558
21004914
21004914
21004914
20985659
20985659
20985659
20936763
20936763
20936763
20996991
20996991
20996991
20996975
20996975
20996975
20902317
20902317
20902317
21001198
21001198
21001198
21001054
21001054
21001054
20961073
20961073
20961073
20952605
20952605
20952605
20557902
20557902
20557902
20380159
20380159
20380159
20986848
20986848
20986848
20964349
20964349
20964349
20985455
20985455
20985455
20787079
20787079
20787079
20940386
20940386
20940386
20932726
20932726
20932726
20937367
20937367
20937367
20828882
20828882
20828882
20666895
20666895
20666895
20804511
20804511
20804511
20830159
20830159
20830159
20506818
20506818
20506818
20956677
20956677
20956677
20950151
20950151
20950151
20920471
20920471
20920471
20911426
20911426
20911426
20969052
20969052
20969052
20875886
20875886
20875886
20900726
20900726
20900726
20947349
20947349
20947349
20921694
20921694
20921694
20993289
20993289
20993289
20834841
20834841
20834841
20992157
20992157
20992157
