20945458
20945458
20945458
20963179
20963179
20963179
20929373
20929373
20929373
20902562
20902562
20902562
21003054
21003054
21003054
20937573
20937573
20937573
20959519
20959519
20959519
20945229
20945229
20945229
20930630
20930630
20930630
20932886
20932886
20932886
20828478
20828478
20828478
20996507
20996507
20996507
20891056
20891056
20891056
20834267
20834267
20834267
20989446
20989446
20989446
20919028
20919028
20919028
21004829
21004829
21004829
21004795
21004795
21004795
21004771
21004771
21004771
21004601
21004601
21004601
21004596
21004596
21004596
21004588
21004588
21004588
21004571
21004571
21004571
21004489
21004489
21004489
21004435
21004435
21004435
21004428
21004428
21004428
21004417
21004417
21004417
21004401
21004401
21004401
21004398
21004398
21004398
21004259
21004259
21004259
21004184
21004184
21004184
21004182
21004182
21004182
21004167
21004167
21004167
21004151
21004151
21004151
21004071
21004071
21004071
21003973
21003973
21003973
21003846
21003846
21003846
21003845
21003845
21003845
21003804
21003804
21003804
21003760
21003760
21003760
21003721
21003721
21003721
21003696
21003696
21003696
21003651
21003651
21003651
21003603
21003603
21003603
21003549
21003549
21003549
21003311
21003311
21003311
21003267
21003267
21003267
21003253
21003253
21003253
21003150
21003150
21003150
21003132
21003132
21003132
21003097
21003097
21003097
21003033
21003033
21003033
21003015
21003015
21003015
20994681
20994681
20994681
20994573
20994573
20994573
20994160
20994160
20994160
20993265
20993265
20993265
20993243
20993243
20993243
