20993062
20993062
20993062
20979222
20979222
20979222
20978958
20978958
20978958
20969162
20969162
20969162
20968196
20968196
20968196
20946520
20946520
20946520
20989989
20989989
20989989
20989257
20989257
20989257
20965753
20965753
20965753
20942629
20942629
20942629
20897129
20897129
20897129
20650591
20650591
20650591
20985795
20985795
20985795
20967905
20967905
20967905
20962318
20962318
20962318
20949989
20949989
20949989
20929118
20929118
20929118
20888753
20888753
20888753
20887455
20887455
20887455
20810493
20810493
20810493
21006372
21006372
21006372
21006336
21006336
21006336
21006335
21006335
21006335
21006297
21006297
21006297
21006292
21006292
21006292
21006255
21006255
21006255
21006222
21006222
21006222
21006192
21006192
21006192
21006182
21006182
21006182
21006177
21006177
21006177
21006170
21006170
21006170
21006164
21006164
21006164
21006128
21006128
21006128
21006104
21006104
21006104
21006067
21006067
21006067
21006026
21006026
21006026
21006000
21006000
21006000
21005989
21005989
21005989
21005895
21005895
21005895
21005871
21005871
21005871
21005866
21005866
21005866
21005833
21005833
21005833
21005772
21005772
21005772
21005762
21005762
21005762
21005732
21005732
21005732
21005729
21005729
21005729
21005716
21005716
21005716
21005703
21005703
21005703
21005643
21005643
21005643
21005640
21005640
21005640
21005631
21005631
21005631
21005617
21005617
21005617
21005588
21005588
21005588
21005508
21005508
21005508
21005504
21005504
21005504
21005436
21005436
21005436
21005421
21005421
21005421
21005395
21005395
21005395
