21005382
21005382
21005382
21005332
21005332
21005332
21005294
21005294
21005294
21005292
21005292
21005292
21005256
21005256
21005256
21005177
21005177
21005177
21005116
21005116
21005116
21005091
21005091
21005091
21005079
21005079
21005079
21005033
21005033
21005033
21005002
21005002
21005002
21004986
21004986
21004986
20984810
20984810
20984810
20984316
20984316
20984316
20983646
20983646
20983646
20942682
20942682
20942682
20987214
20987214
20987214
20986028
20986028
20986028
20980314
20980314
20980314
20979039
20979039
20979039
20948004
20948004
20948004
20947428
20947428
20947428
20925625
20925625
20925625
20919932
20919932
20919932
20965378
20965378
20965378
20983131
20983131
20983131
20974965
20974965
20974965
20970517
20970517
20970517
20888187
20888187
20888187
20950884
20950884
20950884
20969158
20969158
20969158
20967678
20967678
20967678
20922850
20922850
20922850
20989265
20989265
20989265
20988722
20988722
20988722
20988290
20988290
20988290
20987058
20987058
20987058
20965505
20965505
20965505
20944509
20944509
20944509
20926623
20926623
20926623
20899634
20899634
20899634
20939132
20939132
20939132
21000384
21000384
21000384
21000112
21000112
21000112
20999071
20999071
20999071
20998848
20998848
20998848
20998699
20998699
20998699
20822387
20822387
20822387
20954268
20954268
20954268
20991749
20991749
20991749
20990773
20990773
20990773
20990676
20990676
20990676
20972002
20972002
20972002
20968907
20968907
20968907
20946015
20946015
20946015
20921270
20921270
20921270
20985479
20985479
20985479
20983972
20983972
20983972
