20972900
20972900
20972900
20964080
20964080
20964080
20769754
20769754
20769754
20996014
20996014
20996014
20967163
20967163
20967163
20988576
20988576
20988576
20983184
20983184
20983184
20982843
20982843
20982843
20981162
20981162
20981162
20926949
20926949
20926949
20986930
20986930
20986930
20950852
20950852
20950852
20898737
20898737
20898737
20964004
20964004
20964004
20946574
20946574
20946574
20923653
20923653
20923653
20913775
20913775
20913775
20977877
20977877
20977877
20945745
20945745
20945745
20998576
20998576
20998576
20998382
20998382
20998382
20998058
20998058
20998058
20997967
20997967
20997967
20996547
20996547
20996547
20981294
20981294
20981294
20944335
20944335
20944335
20925304
20925304
20925304
20906690
20906690
20906690
20971747
20971747
20971747
20961224
20961224
20961224
20944909
20944909
20944909
20971383
20971383
20971383
20965116
20965116
20965116
20924636
20924636
20924636
20901203
20901203
20901203
20939315
20939315
20939315
20962404
20962404
20962404
20889757
20889757
20889757
20956588
20956588
20956588
21002920
21002920
21002920
21002596
21002596
21002596
21002313
21002313
21002313
21002197
21002197
21002197
21001335
21001335
21001335
21001274
21001274
21001274
21001273
21001273
21001273
21000847
21000847
21000847
21000783
21000783
21000783
21000576
21000576
21000576
21000366
21000366
21000366
21000325
21000325
21000325
21000304
21000304
21000304
21000094
21000094
21000094
20950514
20950514
20950514
20884876
20884876
20884876
20946345
20946345
20946345
20991645
20991645
20991645
20969384
20969384
20969384
