20986917
20986917
20986917
20941575
20941575
20941575
20988217
20988217
20988217
20959964
20959964
20959964
20937247
20937247
20937247
20991051
20991051
20991051
20972548
20972548
20972548
20921611
20921611
20921611
20935661
20935661
20935661
20886011
20886011
20886011
20870291
20870291
20870291
20952917
20952917
20952917
20988442
20988442
20988442
20935263
20935263
20935263
20996243
20996243
20996243
20994156
20994156
20994156
20983826
20983826
20983826
20983813
20983813
20983813
20950742
20950742
20950742
20993815
20993815
20993815
20992487
20992487
20992487
20917658
20917658
20917658
20885187
20885187
20885187
20998370
20998370
20998370
20998317
20998317
20998317
20998212
20998212
20998212
20998095
20998095
20998095
20984881
20984881
20984881
20910915
20910915
20910915
20896359
20896359
20896359
20882396
20882396
20882396
20977247
20977247
20977247
20977116
20977116
20977116
20967012
20967012
20967012
20961619
20961619
20961619
20937632
20937632
20937632
20917959
20917959
20917959
20989731
20989731
20989731
20989565
20989565
20989565
20989167
20989167
20989167
20997833
20997833
20997833
20997751
20997751
20997751
20995916
20995916
20995916
20953644
20953644
20953644
20975213
20975213
20975213
20928423
20928423
20928423
20424653
20424653
20424653
20954928
20954928
20954928
20982035
20982035
20982035
20981654
20981654
20981654
20972190
20972190
20972190
20951767
20951767
20951767
20990589
20990589
20990589
20986269
20986269
20986269
20958858
20958858
20958858
20978333
20978333
20978333
20830444
20830444
20830444
20983450
20983450
20983450
