20938760
20938760
20938760
20932583
20932583
20932583
20892060
20892060
20892060
20914179
20914179
20914179
20890312
20890312
20890312
20972218
20972218
20972218
20970291
20970291
20970291
20959804
20959804
20959804
20943786
20943786
20943786
20797571
20797571
20797571
21004275
21004275
21004275
21004264
21004264
21004264
21003573
21003573
21003573
21003562
21003562
21003562
21002957
21002957
21002957
21002873
21002873
21002873
21002781
21002781
21002781
21002734
21002734
21002734
21002691
21002691
21002691
21002622
21002622
21002622
21002599
21002599
21002599
21002585
21002585
21002585
21002508
21002508
21002508
21002359
21002359
21002359
21002318
21002318
21002318
21002314
21002314
21002314
21002302
21002302
21002302
21002299
21002299
21002299
21002277
21002277
21002277
21002203
21002203
21002203
21002188
21002188
21002188
21002141
21002141
21002141
21002126
21002126
21002126
21002016
21002016
21002016
21001985
21001985
21001985
21001967
21001967
21001967
21001958
21001958
21001958
21001955
21001955
21001955
21001953
21001953
21001953
21001950
21001950
21001950
21001861
21001861
21001861
21001858
21001858
21001858
21001839
21001839
21001839
21001815
21001815
21001815
21001698
21001698
21001698
21001647
21001647
21001647
21001618
21001618
21001618
21001570
21001570
21001570
21001535
21001535
21001535
21001530
21001530
21001530
21001465
21001465
21001465
21001391
21001391
21001391
21001336
21001336
21001336
21001310
21001310
21001310
21001253
21001253
21001253
21000963
21000963
21000963
21000779
21000779
21000779
21000769
21000769
21000769
