21000665
21000665
21000665
21000626
21000626
21000626
20999729
20999729
20999729
20998939
20998939
20998939
20998617
20998617
20998617
20998538
20998538
20998538
20998446
20998446
20998446
20998426
20998426
20998426
20998321
20998321
20998321
20998281
20998281
20998281
20998246
20998246
20998246
20998210
20998210
20998210
20998167
20998167
20998167
20998071
20998071
20998071
20997917
20997917
20997917
20997856
20997856
20997856
20997805
20997805
20997805
20997694
20997694
20997694
20997661
20997661
20997661
20997494
20997494
20997494
20997406
20997406
20997406
20997382
20997382
20997382
20997376
20997376
20997376
20997373
20997373
20997373
20997347
20997347
20997347
20997296
20997296
20997296
20997249
20997249
20997249
20997234
20997234
20997234
20997232
20997232
20997232
20997141
20997141
20997141
20997125
20997125
20997125
20996122
20996122
20996122
20949505
20949505
20949505
20984395
20984395
20984395
20984186
20984186
20984186
20974591
20974591
20974591
20974350
20974350
20974350
20954294
20954294
20954294
20950779
20950779
20950779
20970921
20970921
20970921
20898683
20898683
20898683
20932956
20932956
20932956
20951461
20951461
20951461
20951358
20951358
20951358
20947875
20947875
20947875
20947796
20947796
20947796
20941820
20941820
20941820
20922819
20922819
20922819
20979709
20979709
20979709
20965609
20965609
20965609
20931476
20931476
20931476
20989189
20989189
20989189
20988427
20988427
20988427
20985453
20985453
20985453
20990879
20990879
20990879
20989016
20989016
20989016
20985443
20985443
20985443
20984743
20984743
20984743
