20984739
20984739
20984739
20955187
20955187
20955187
20924119
20924119
20924119
20878439
20878439
20878439
20966057
20966057
20966057
20942620
20942620
20942620
20925174
20925174
20925174
20897885
20897885
20897885
20328845
20328845
20328845
20985235
20985235
20985235
20985082
20985082
20985082
20984294
20984294
20984294
20977308
20977308
20977308
20939190
20939190
20939190
20936371
20936371
20936371
20930276
20930276
20930276
20926085
20926085
20926085
20842360
20842360
20842360
21002555
21002555
21002555
21002549
21002549
21002549
21002491
21002491
21002491
21002158
21002158
21002158
21002028
21002028
21002028
20999853
20999853
20999853
20999523
20999523
20999523
20999479
20999479
20999479
20999454
20999454
20999454
20999371
20999371
20999371
20999268
20999268
20999268
20998360
20998360
20998360
20995699
20995699
20995699
20995527
20995527
20995527
20994843
20994843
20994843
20994811
20994811
20994811
20993924
20993924
20993924
20969863
20969863
20969863
20968981
20968981
20968981
20990080
20990080
20990080
20986938
20986938
20986938
20959936
20959936
20959936
20944713
20944713
20944713
20984022
20984022
20984022
20979616
20979616
20979616
20925964
20925964
20925964
20970762
20970762
20970762
20968537
20968537
20968537
20902051
20902051
20902051
20840046
20840046
20840046
20975296
20975296
20975296
20950911
20950911
20950911
20944507
20944507
20944507
20870034
20870034
20870034
20983800
20983800
20983800
20959845
20959845
20959845
20945237
20945237
20945237
20922290
20922290
20922290
20997747
20997747
20997747
20997445
20997445
20997445
