21002422
21002422
21002422
21006429
21006429
21006429
20999137
20999137
20999137
21006066
21006066
21006066
21003838
21003838
21003838
21008174
21008174
21008174
20996753
20996753
20996753
20991251
20991251
20991251
21005777
21005777
21005777
20990363
20990363
20990363
21003780
21003780
21003780
20999066
20999066
20999066
21004521
21004521
21004521
21007030
21007030
21007030
20997432
20997432
20997432
20993626
20993626
20993626
20998067
20998067
20998067
20998211
20998211
20998211
20992696
20992696
20992696
21003087
21003087
21003087
21004750
21004750
21004750
20997685
20997685
20997685
21006355
21006355
21006355
21007676
21007676
21007676
21007624
21007624
21007624
21001459
21001459
21001459
20991320
20991320
20991320
20990764
20990764
20990764
20992508
20992508
20992508
20988806
20988806
20988806
20977427
20977427
20977427
21005351
21005351
21005351
20983479
20983479
20983479
21006533
21006533
21006533
21006419
21006419
21006419
20997744
20997744
20997744
20997186
20997186
20997186
21000416
21000416
21000416
21005411
21005411
21005411
21005831
21005831
21005831
20993045
20993045
20993045
21000842
21000842
21000842
20997108
20997108
20997108
21008271
21008271
21008271
20997829
20997829
20997829
21008456
21008456
21008456
21008451
21008451
21008451
21008437
21008437
21008437
21002444
21002444
21002444
21003563
21003563
21003563
21007754
21007754
21007754
21001075
21001075
21001075
20997837
20997837
20997837
21006241
21006241
21006241
20986846
20986846
20986846
20979552
20979552
20979552
20996302
20996302
20996302
20990458
20990458
20990458
