20997364
20997364
20997364
20997336
20997336
20997336
20997311
20997311
20997311
20997287
20997287
20997287
20996926
20996926
20996926
20996882
20996882
20996882
20996804
20996804
20996804
20996251
20996251
20996251
20992877
20992877
20992877
20992866
20992866
20992866
20992618
20992618
20992618
20992279
20992279
20992279
20917587
20917587
20917587
20983506
20983506
20983506
20983497
20983497
20983497
20981758
20981758
20981758
20673770
20673770
20673770
20903060
20903060
20903060
20985554
20985554
20985554
20985169
20985169
20985169
20985104
20985104
20985104
20984685
20984685
20984685
20981559
20981559
20981559
20942630
20942630
20942630
20833590
20833590
20833590
20928141
20928141
20928141
20935593
20935593
20935593
20993755
20993755
20993755
20991571
20991571
20991571
20991509
20991509
20991509
20983803
20983803
20983803
20982192
20982192
20982192
20979337
20979337
20979337
20674282
20674282
20674282
20989281
20989281
20989281
20976650
20976650
20976650
20923124
20923124
20923124
20917970
20917970
20917970
20885838
20885838
20885838
20939757
20939757
20939757
20889041
20889041
20889041
20984794
20984794
20984794
20945247
20945247
20945247
20924895
20924895
20924895
20965418
20965418
20965418
20866444
20866444
20866444
20651497
20651497
20651497
20989581
20989581
20989581
20983425
20983425
20983425
20983412
20983412
20983412
20947654
20947654
20947654
20882214
20882214
20882214
20982082
20982082
20982082
20981302
20981302
20981302
20990449
20990449
20990449
20987916
20987916
20987916
20900445
20900445
20900445
20980500
20980500
20980500
