20492894
20492894
20492894
20982218
20982218
20982218
21003030
21003030
21003030
21005604
21005604
21005604
20993727
20993727
20993727
21002311
21002311
21002311
20993262
20993262
20993262
20985898
20985898
20985898
20996246
20996246
20996246
20994041
20994041
20994041
20994394
20994394
20994394
20982161
20982161
20982161
20991486
20991486
20991486
20998155
20998155
20998155
21003498
21003498
21003498
21002797
21002797
21002797
21002434
21002434
21002434
20989583
20989583
20989583
20976183
20976183
20976183
20994174
20994174
20994174
20990559
20990559
20990559
21007673
21007673
21007673
21007656
21007656
21007656
20995962
20995962
20995962
21007953
21007953
21007953
20998725
20998725
20998725
21001883
21001883
21001883
20995761
20995761
20995761
20991737
20991737
20991737
21006110
21006110
21006110
21002723
21002723
21002723
21003701
21003701
21003701
21003690
21003690
21003690
20936981
20936981
20936981
20994523
20994523
20994523
20973571
20973571
20973571
21008403
21008403
21008403
21008385
21008385
21008385
21008354
21008354
21008354
21003337
21003337
21003337
21000230
21000230
21000230
21005438
21005438
21005438
21002763
21002763
21002763
21001090
21001090
21001090
20976147
20976147
20976147
21007012
21007012
21007012
20997965
20997965
20997965
21007543
21007543
21007543
20999455
20999455
20999455
21004137
21004137
21004137
21007782
21007782
21007782
20999449
20999449
20999449
20991934
20991934
20991934
20999081
20999081
20999081
20999062
20999062
20999062
20998068
20998068
20998068
21002052
21002052
21002052
20998447
20998447
20998447
