21008118
21008118
21008118
21005853
21005853
21005853
20950125
20950125
20950125
20991471
20991471
20991471
21000145
21000145
21000145
21000588
21000588
21000588
20975372
20975372
20975372
20997014
20997014
20997014
20996934
20996934
20996934
20947244
20947244
20947244
21008682
21008682
21008682
21008657
21008657
21008657
21008641
21008641
21008641
21008629
21008629
21008629
21008622
21008622
21008622
21004166
21004166
21004166
21005257
21005257
21005257
21005251
21005251
21005251
20987925
20987925
20987925
21005118
21005118
21005118
21007263
21007263
21007263
21007243
21007243
21007243
21000666
21000666
21000666
21003210
21003210
21003210
20996870
20996870
20996870
20997198
20997198
20997198
21005048
21005048
21005048
21004869
21004869
21004869
21004739
21004739
21004739
21001231
21001231
21001231
21008323
21008323
21008323
21008277
21008277
21008277
20975171
20975171
20975171
21006531
21006531
21006531
21004139
21004139
21004139
20999434
20999434
20999434
20994249
20994249
20994249
20951630
20951630
20951630
21001981
21001981
21001981
20998390
20998390
20998390
20973668
20973668
20973668
20986788
20986788
20986788
21001474
21001474
21001474
20998048
20998048
20998048
21005304
21005304
21005304
21005527
21005527
21005527
20991937
20991937
20991937
21004328
21004328
21004328
20999381
20999381
20999381
20991240
20991240
20991240
20998838
20998838
20998838
21007065
21007065
21007065
21001138
21001138
21001138
20978927
20978927
20978927
20975026
20975026
20975026
20976082
20976082
20976082
21007548
21007548
21007548
21007483
21007483
21007483
