20952404
20952404
20952404
20992258
20992258
20992258
20997922
20997922
20997922
20994519
20994519
20994519
20997362
20997362
20997362
21003496
21003496
21003496
21004666
21004666
21004666
20994492
20994492
20994492
20990127
20990127
20990127
21001423
21001423
21001423
21000410
21000410
21000410
20976235
20976235
20976235
21005516
21005516
21005516
21008222
21008222
21008222
20981160
20981160
20981160
20955161
20955161
20955161
21005659
21005659
21005659
21007814
21007814
21007814
21007807
21007807
21007807
21007789
21007789
21007789
21003316
21003316
21003316
20970670
20970670
20970670
21003789
21003789
21003789
21004024
21004024
21004024
20992212
20992212
20992212
20996725
20996725
20996725
21007364
21007364
21007364
21007363
21007363
21007363
21007292
21007292
21007292
21007279
21007279
21007279
21007269
21007269
21007269
21005466
21005466
21005466
21002081
21002081
21002081
21001908
21001908
21001908
20957506
20957506
20957506
21005062
21005062
21005062
20996314
20996314
20996314
20991747
20991747
20991747
20986472
20986472
20986472
20999060
20999060
20999060
20968187
20968187
20968187
20975869
20975869
20975869
21006233
21006233
21006233
21001222
21001222
21001222
21001023
21001023
21001023
20996777
20996777
20996777
21004991
21004991
21004991
21002855
21002855
21002855
21004075
21004075
21004075
20987887
20987887
20987887
20991600
20991600
20991600
20996550
20996550
20996550
21004336
21004336
21004336
20996239
20996239
20996239
20961130
20961130
20961130
21007694
21007694
21007694
21007556
21007556
21007556
21002210
21002210
21002210
