21008160
21008160
21008160
20967291
20967291
20967291
21005390
21005390
21005390
20990791
20990791
20990791
20989958
20989958
20989958
21003916
21003916
21003916
20997753
20997753
20997753
21004268
21004268
21004268
20997251
20997251
20997251
20978196
20978196
20978196
21005131
21005131
21005131
21004478
21004478
21004478
20992849
20992849
20992849
21001767
21001767
21001767
20986110
20986110
20986110
21008400
21008400
21008400
21008359
21008359
21008359
21008352
21008352
21008352
20986787
20986787
20986787
20996995
20996995
20996995
20996954
20996954
20996954
21006405
21006405
21006405
20999188
20999188
20999188
20964128
20964128
20964128
20990494
20990494
20990494
21004615
21004615
21004615
21007549
21007549
21007549
21007526
21007526
21007526
21007477
21007477
21007477
21007432
21007432
21007432
21007391
21007391
21007391
20993437
20993437
20993437
20979454
20979454
20979454
21002173
21002173
21002173
20995725
20995725
20995725
20989129
20989129
20989129
20997441
20997441
20997441
20999739
20999739
20999739
20947678
20947678
20947678
20994514
20994514
20994514
20971857
20971857
20971857
20989886
20989886
20989886
20989657
20989657
20989657
21007980
21007980
21007980
20988526
20988526
20988526
20947749
20947749
20947749
21002376
21002376
21002376
20985125
20985125
20985125
20991835
20991835
20991835
20971873
20971873
20971873
21003441
21003441
21003441
20970982
20970982
20970982
20985658
20985658
20985658
20978764
20978764
20978764
20996575
20996575
20996575
21004860
21004860
21004860
21000244
21000244
21000244
20997957
20997957
20997957
